0 1 0 0 26.2550 0.2589
0 1 0 0 25.6140 0.2653
0 1 0 0 23.7190 0.2865
0 1 0 0 17.8490 0.3808
0 0 1 0 18.6620 0.0000
150 1 0 0 35.5190 0.1534
100 1 0 0 23.5630 0.2289
1 1 0 0 23.7910 0.2613
100 1 0 0 22.9020 0.2355
0 1 0 0 22.7520 0.2987
100 1 0 0 22.7160 0.2374
100 1 0 0 22.7310 0.2372
100 1 0 0 23.2450 0.2320
0 1 0 0 23.4300 0.2901
50 1 0 0 29.7290 0.2067
0 1 0 0 22.7650 0.2985
0 1 0 0 22.5400 0.3015
0 1 0 0 26.6040 0.2555
0 1 0 0 22.5030 0.3020
0 1 0 0 25.1810 0.2699
0 1 0 0 25.1320 0.2704
193 1 0 0 21.5470 0.2520
10 1 0 0 24.1850 0.2298
