0 1 0 0 26.0050 0.2613
0 1 0 0 25.5380 0.2661
0 1 0 0 25.4960 0.2666
0 1 0 0 25.4960 0.2666
0 1 0 0 23.7330 0.2864
6 1 0 0 39.8760 0.1567
6 1 0 0 23.7650 0.2630
6 1 0 0 22.4040 0.2790
6 1 0 0 25.6370 0.2438
6 1 0 0 25.9720 0.2407
12 1 0 0 25.3820 0.2312
12 1 0 0 27.5610 0.2129
12 1 0 0 28.6500 0.2048
12 1 0 0 22.7200 0.2583
12 1 0 0 22.8520 0.2568
18 1 0 0 19.3360 0.2999
18 1 0 0 19.7790 0.2932
18 1 0 0 20.0200 0.2897
18 1 0 0 19.6590 0.2950
18 1 0 0 19.4980 0.2974
24 1 0 0 23.6710 0.2621
24 1 0 0 31.9120 0.1945
24 1 0 0 23.6440 0.2624
24 1 0 0 57.5660 0.1250
24 1 0 0 29.9220 0.2074
30 1 0 0 21.2060 0.2793
30 1 0 0 20.5690 0.2880
30 1 0 0 21.5650 0.2747
30 1 0 0 22.5460 0.2627
30 1 0 0 21.0550 0.2813
36 1 0 0 18.4560 0.2853
36 1 0 0 18.7050 0.2815
36 1 0 0 18.7460 0.2809
36 1 0 0 19.7410 0.2667
36 1 0 0 18.5970 0.2831
42 1 0 0 17.8170 0.3183
42 1 0 0 17.7990 0.3187
42 1 0 0 17.8710 0.3174
42 1 0 0 17.8030 0.3186
42 1 0 0 17.8340 0.3180
48 1 0 0 23.8640 0.2355
48 1 0 0 27.0230 0.2080
48 1 0 0 22.3920 0.2510
48 1 0 0 36.9280 0.1522
48 1 0 0 29.2400 0.1922
54 1 0 0 19.8210 0.2815
54 1 0 0 18.9910 0.2938
54 1 0 0 20.0110 0.2788
54 1 0 0 19.7050 0.2831
54 1 0 0 19.2160 0.2903
60 1 0 0 24.6830 0.2216
60 1 0 0 27.7590 0.1970
60 1 0 0 25.2860 0.2163
60 1 0 0 26.6200 0.2054
60 1 0 0 28.6550 0.1909
66 1 0 0 24.4260 0.2185
66 1 0 0 24.8750 0.2146
66 1 0 0 23.8080 0.2242
66 1 0 0 25.8900 0.2062
66 1 0 0 22.2580 0.2398
72 1 0 0 21.6830 0.2426
72 1 0 0 23.9580 0.2195
72 1 0 0 22.2630 0.2363
72 1 0 0 21.3230 0.2467
72 1 0 0 27.5960 0.1906
78 1 0 0 20.0280 0.3256
78 1 0 0 30.4070 0.2145
78 1 0 0 19.8530 0.3285
78 1 0 0 20.0440 0.3254
78 1 0 0 30.6240 0.2130
84 1 0 0 21.9610 0.2459
84 1 0 0 34.8970 0.1548
84 1 0 0 29.3140 0.1843
84 1 0 0 21.5380 0.2508
84 1 0 0 21.0080 0.2571
90 1 0 0 19.9600 0.2785
90 1 0 0 20.5510 0.2704
90 1 0 0 21.0030 0.2646
90 1 0 0 20.1010 0.2765
90 1 0 0 22.1700 0.2507
96 1 0 0 23.5490 0.2345
96 1 0 0 22.6330 0.2440
96 1 0 0 23.5810 0.2342
96 1 0 0 23.1440 0.2386
96 1 0 0 23.5580 0.2344
102 1 0 0 25.2050 0.2108
102 1 0 0 25.1290 0.2114
102 1 0 0 33.9600 0.1565
102 1 0 0 30.2100 0.1759
102 1 0 0 38.6660 0.1374
108 1 0 0 20.2520 0.2633
108 1 0 0 20.0180 0.2663
108 1 0 0 19.1210 0.2788
108 1 0 0 19.7490 0.2700
108 1 0 0 20.0300 0.2662
114 1 0 0 39.4460 0.1580
114 1 0 0 51.5000 0.1250
114 1 0 0 37.4160 0.1666
114 1 0 0 35.0500 0.1778
114 1 0 0 38.8970 0.1602
120 1 0 0 20.0170 0.2860
120 1 0 0 19.6910 0.2907
120 1 0 0 33.6100 0.1703
120 1 0 0 21.2330 0.2696
120 1 0 0 31.0470 0.1844
126 1 0 0 32.4370 0.1701
126 1 0 0 33.8720 0.1629
126 1 0 0 32.7470 0.1685
126 1 0 0 25.5110 0.2163
126 1 0 0 25.6110 0.2154
132 1 0 0 26.8070 0.2026
132 1 0 0 31.1360 0.1745
132 1 0 0 28.5010 0.1906
132 1 0 0 26.6540 0.2038
132 1 0 0 33.4160 0.1626
138 1 0 0 33.3450 0.2003
138 1 0 0 30.2150 0.2210
138 1 0 0 30.7980 0.2168
138 1 0 0 31.0120 0.2153
138 0 1 0 18.2250 0.0000
144 1 0 0 25.1830 0.2182
144 1 0 0 25.4010 0.2164
144 1 0 0 27.9780 0.1964
144 1 0 0 24.0890 0.2281
144 1 0 0 24.9400 0.2203
150 1 0 0 41.1790 0.1323
150 1 0 0 40.0160 0.1362
150 1 0 0 22.9490 0.2375
150 1 0 0 25.8700 0.2106
150 1 0 0 50.7340 0.1250
156 1 0 0 21.2450 0.2461
156 1 0 0 22.0130 0.2375
156 1 0 0 22.5650 0.2317
156 1 0 0 21.5400 0.2427
156 1 0 0 21.9750 0.2379
162 1 0 0 28.8350 0.1880
162 1 0 0 29.8300 0.1817
162 1 0 0 27.2410 0.1990
162 1 0 0 29.6610 0.1827
162 1 0 0 29.4850 0.1838
168 1 0 0 25.5160 0.2292
168 1 0 0 23.5400 0.2484
168 1 0 0 20.7520 0.2818
168 1 0 0 21.7010 0.2695
168 1 0 0 21.0500 0.2778
174 1 0 0 21.0960 0.2535
174 1 0 0 23.5910 0.2267
174 1 0 0 24.1480 0.2215
174 1 0 0 26.1490 0.2045
174 1 0 0 23.3900 0.2287
180 1 0 0 25.8790 0.2194
180 1 0 0 34.1720 0.1662
180 1 0 0 26.4710 0.2145
180 1 0 0 26.2870 0.2160
180 1 0 0 34.4770 0.1647
186 1 0 0 25.6580 0.2313
186 1 0 0 25.1070 0.2364
186 1 0 0 35.7270 0.1661
186 1 0 0 27.0810 0.2192
186 1 0 0 27.2130 0.2181
192 1 0 0 29.8910 0.1859
192 1 0 0 20.8260 0.2668
192 1 0 0 21.4060 0.2596
192 1 0 0 30.2080 0.1839
192 1 0 0 26.4630 0.2100
198 1 0 0 26.1540 0.2161
198 1 0 0 23.8520 0.2370
198 1 0 0 23.8840 0.2366
198 1 0 0 24.1020 0.2345
198 1 0 0 23.7280 0.2382
204 1 0 0 26.7900 0.2552
204 1 0 0 28.0700 0.2436
204 0 0 1 100.0920 0.0000
204 1 0 0 26.0590 0.2624
204 1 0 0 30.4980 0.2242
210 1 0 0 18.4630 0.2857
210 1 0 0 18.3410 0.2876
210 1 0 0 18.5700 0.2840
210 1 0 0 18.4490 0.2859
210 1 0 0 18.7480 0.2813
216 0 0 1 100.0390 0.0000
216 0 0 1 100.0350 0.0000
216 0 0 1 100.0570 0.0000
216 0 0 1 100.0750 0.0000
216 0 0 1 100.0840 0.0000
222 1 0 0 20.5440 0.2693
222 1 0 0 25.4300 0.2176
222 1 0 0 32.2510 0.1716
222 1 0 0 18.8320 0.2938
222 1 0 0 25.2780 0.2189
228 1 0 0 39.3180 0.1597
228 0 1 0 17.4540 0.0000
228 1 0 0 33.2880 0.1886
228 0 1 0 34.0480 0.0000
228 1 0 0 44.6160 0.1407
234 1 0 0 18.6940 0.2875
234 1 0 0 18.6240 0.2886
234 1 0 0 21.0840 0.2549
234 1 0 0 18.5010 0.2905
234 1 0 0 21.5660 0.2492
240 1 0 0 25.4970 0.2507
240 1 0 0 26.8870 0.2378
240 1 0 0 26.7970 0.2385
240 1 0 0 35.2550 0.1813
240 1 0 0 25.1490 0.2542
246 1 0 0 20.8030 0.2625
246 1 0 0 21.4190 0.2549
246 1 0 0 20.5890 0.2652
246 1 0 0 65.3010 0.1250
246 1 0 0 20.8840 0.2615
252 1 0 0 29.6300 0.1735
252 1 0 0 41.9200 0.1250
252 1 0 0 21.1670 0.2429
252 1 0 0 24.6240 0.2088
252 1 0 0 21.1120 0.2435
258 1 0 0 22.5310 0.3008
258 1 0 0 46.5840 0.1455
258 1 0 0 24.1510 0.2806
258 1 0 0 81.8510 0.1250
258 1 0 0 56.7580 0.1250
264 0 0 1 100.0200 0.0000
264 0 0 1 100.0790 0.0000
264 0 0 1 100.0140 0.0000
264 0 0 1 100.1010 0.0000
264 0 0 1 100.0220 0.0000
270 0 0 1 100.0470 0.0000
270 1 0 0 38.4480 0.1523
270 0 0 1 100.0360 0.0000
270 1 0 0 29.0060 0.2018
270 0 0 1 100.0050 0.0000
276 1 0 0 28.0320 0.2247
276 1 0 0 29.7940 0.2114
276 1 0 0 29.0920 0.2165
276 1 0 0 31.5110 0.1999
276 1 0 0 62.4110 0.1250
282 1 0 0 43.6260 0.1400
282 0 1 0 48.7030 0.0000
282 1 0 0 40.9460 0.1491
282 1 0 0 47.9040 0.1275
282 0 0 1 100.0170 0.0000
288 1 0 0 25.0370 0.2494
288 1 0 0 24.8610 0.2511
288 1 0 0 30.9050 0.2020
288 1 0 0 33.6360 0.1856
288 1 0 0 24.7170 0.2526
294 1 0 0 26.8770 0.2182
294 1 0 0 28.6900 0.2045
294 1 0 0 27.9990 0.2095
294 1 0 0 28.3240 0.2071
294 1 0 0 27.6060 0.2125
