0 1 0 0 11.2610 0.5000
0 1 0 0 12.8650 0.5000
0 1 0 0 15.2540 0.4455
0 1 0 0 15.1440 0.4488
0 1 0 0 11.2990 0.5000
6 1 0 0 14.0490 0.4449
6 1 0 0 10.9730 0.5000
6 1 0 0 10.5830 0.5000
6 1 0 0 10.8570 0.5000
6 1 0 0 10.6840 0.5000
12 1 0 0 15.2720 0.3842
12 1 0 0 15.4970 0.3787
12 1 0 0 13.7450 0.4269
12 1 0 0 14.0290 0.4183
12 1 0 0 20.4330 0.2872
18 1 0 0 10.7130 0.5000
18 1 0 0 10.8770 0.5000
18 1 0 0 10.0820 0.5000
18 1 0 0 10.5040 0.5000
18 1 0 0 10.6920 0.5000
24 1 0 0 15.9650 0.3887
24 1 0 0 12.9700 0.4784
24 1 0 0 13.4720 0.4606
24 1 0 0 14.2040 0.4369
24 1 0 0 12.3410 0.5000
30 1 0 0 11.8280 0.5000
30 0 1 0 8.1840 0.0000
30 1 0 0 11.3050 0.5000
30 1 0 0 19.0110 0.3116
30 1 0 0 11.4540 0.5000
36 1 0 0 9.9840 0.5000
36 1 0 0 10.1430 0.5000
36 1 0 0 12.6650 0.4158
36 1 0 0 12.4840 0.4218
36 1 0 0 10.2020 0.5000
42 1 0 0 9.2950 0.5000
42 1 0 0 9.3420 0.5000
42 1 0 0 9.3110 0.5000
42 1 0 0 9.3660 0.5000
42 1 0 0 9.3400 0.5000
48 1 0 0 10.8670 0.5000
48 1 0 0 10.5610 0.5000
48 1 0 0 10.8340 0.5000
48 1 0 0 10.6620 0.5000
48 1 0 0 10.8990 0.5000
54 1 0 0 9.6440 0.5000
54 1 0 0 9.5520 0.5000
54 1 0 0 9.5690 0.5000
54 1 0 0 9.4780 0.5000
54 1 0 0 9.4990 0.5000
60 1 0 0 21.3190 0.2565
60 1 0 0 11.1710 0.4896
60 1 0 0 12.1290 0.4509
60 1 0 0 17.1360 0.3191
60 1 0 0 14.1600 0.3862
66 1 0 0 10.7090 0.4984
66 1 0 0 14.8260 0.3600
66 1 0 0 12.3940 0.4306
66 1 0 0 20.1050 0.2655
66 1 0 0 22.0730 0.2418
72 1 0 0 10.8640 0.4842
72 1 0 0 10.7590 0.4889
72 1 0 0 10.7880 0.4876
72 1 0 0 10.7930 0.4873
72 1 0 0 10.7730 0.4883
78 1 0 0 13.1600 0.4956
78 1 0 0 12.0210 0.5000
78 1 0 0 12.3100 0.5000
78 1 0 0 11.1190 0.5000
78 1 0 0 14.3020 0.4560
84 1 0 0 10.2220 0.5000
84 1 0 0 10.2380 0.5000
84 1 0 0 10.2440 0.5000
84 1 0 0 10.3810 0.5000
84 1 0 0 10.2050 0.5000
90 1 0 0 10.4760 0.5000
90 1 0 0 10.3690 0.5000
90 1 0 0 10.5470 0.5000
90 1 0 0 10.5550 0.5000
90 1 0 0 9.8400 0.5000
96 1 0 0 15.1010 0.3657
96 1 0 0 10.0230 0.5000
96 1 0 0 10.0270 0.5000
96 1 0 0 10.5890 0.5000
96 1 0 0 10.0770 0.5000
102 1 0 0 11.4470 0.4642
102 1 0 0 11.4350 0.4647
102 1 0 0 11.5110 0.4616
102 1 0 0 11.0980 0.4788
102 1 0 0 11.4220 0.4652
108 1 0 0 9.5880 0.5000
108 1 0 0 9.8710 0.5000
108 1 0 0 9.8730 0.5000
108 1 0 0 9.7230 0.5000
108 1 0 0 9.6720 0.5000
114 0 0 1 100.0440 0.0000
114 0 1 0 50.5570 0.0000
114 0 1 0 43.7060 0.0000
114 0 1 0 28.3060 0.0000
114 0 1 0 95.2100 0.0000
120 1 0 0 14.3830 0.3980
120 1 0 0 15.9540 0.3588
120 1 0 0 15.4310 0.3710
120 1 0 0 17.3930 0.3291
120 1 0 0 17.2840 0.3312
126 1 0 0 15.5290 0.3553
126 0 0 1 100.0600 0.0000
126 1 0 0 17.5880 0.3137
126 0 1 0 12.1720 0.0000
126 0 1 0 29.7440 0.0000
132 1 0 0 27.0480 0.2008
132 1 0 0 78.9040 0.1250
132 1 0 0 17.4170 0.3119
132 1 0 0 25.7720 0.2108
132 1 0 0 18.6680 0.2910
138 0 1 0 11.8220 0.0000
138 1 0 0 27.2250 0.2453
138 0 1 0 11.5870 0.0000
138 1 0 0 25.6760 0.2601
138 1 0 0 23.2550 0.2872
144 1 0 0 13.7840 0.3987
144 1 0 0 11.9560 0.4596
144 1 0 0 14.6310 0.3756
144 1 0 0 10.8420 0.5000
144 1 0 0 11.5870 0.4743
150 1 0 0 23.1720 0.2352
150 1 0 0 16.9430 0.3216
150 1 0 0 21.4000 0.2546
150 1 0 0 39.3500 0.1385
150 1 0 0 17.7770 0.3065
156 1 0 0 10.2650 0.5000
156 1 0 0 9.9780 0.5000
156 1 0 0 10.1380 0.5000
156 1 0 0 10.0610 0.5000
156 1 0 0 10.0390 0.5000
162 1 0 0 19.4070 0.2793
162 1 0 0 17.6180 0.3076
162 1 0 0 13.4870 0.4018
162 1 0 0 19.2880 0.2810
162 1 0 0 15.2070 0.3564
168 1 0 0 19.7850 0.2956
168 1 0 0 15.9250 0.3672
168 1 0 0 13.9480 0.4193
168 1 0 0 14.7580 0.3963
168 1 0 0 17.9750 0.3253
174 1 0 0 10.8860 0.4913
174 1 0 0 11.0190 0.4854
174 1 0 0 10.3550 0.5000
174 1 0 0 10.2370 0.5000
174 1 0 0 11.1860 0.4781
180 1 0 0 26.9160 0.2110
180 1 0 0 16.4960 0.3443
180 1 0 0 21.3670 0.2658
180 0 1 0 14.9420 0.0000
180 1 0 0 16.9320 0.3354
186 1 0 0 15.3330 0.3871
186 1 0 0 20.1800 0.2941
186 1 0 0 30.4610 0.1949
186 1 0 0 15.0220 0.3951
186 1 0 0 15.0000 0.3957
192 1 0 0 15.0900 0.3682
192 1 0 0 12.0970 0.4593
192 1 0 0 15.6240 0.3556
192 1 0 0 14.3390 0.3875
192 1 0 0 18.0610 0.3076
198 1 0 0 10.9800 0.5000
198 1 0 0 10.7580 0.5000
198 1 0 0 10.9940 0.5000
198 1 0 0 11.6430 0.4854
198 1 0 0 11.0840 0.5000
204 1 0 0 12.5200 0.5000
204 1 0 0 12.6730 0.5000
204 1 0 0 11.5900 0.5000
204 1 0 0 12.5350 0.5000
204 1 0 0 24.4200 0.2800
210 1 0 0 10.8860 0.4845
210 1 0 0 17.6450 0.2989
210 1 0 0 14.5660 0.3621
210 1 0 0 10.3440 0.5000
210 1 0 0 12.7330 0.4142
216 1 0 0 27.5150 0.2033
216 0 1 0 17.8250 0.0000
216 0 1 0 49.2520 0.0000
216 1 0 0 28.3120 0.1975
216 1 0 0 27.7100 0.2018
222 0 0 1 100.0070 0.0000
222 1 0 0 16.3610 0.3382
222 1 0 0 17.7260 0.3121
222 1 0 0 12.6280 0.4381
222 1 0 0 14.7710 0.3746
228 1 0 0 54.9780 0.1250
228 0 1 0 65.3840 0.0000
228 0 1 0 38.8360 0.0000
228 0 1 0 22.2340 0.0000
228 0 1 0 87.1770 0.0000
234 1 0 0 19.4760 0.2760
234 1 0 0 22.7900 0.2358
234 1 0 0 17.0290 0.3156
234 1 0 0 13.5590 0.3964
234 1 0 0 18.6980 0.2875
240 1 0 0 14.4130 0.4435
240 1 0 0 15.7710 0.4053
240 1 0 0 13.2430 0.4827
240 1 0 0 15.5930 0.4100
240 1 0 0 14.2270 0.4493
246 1 0 0 12.1220 0.4505
246 1 0 0 13.9370 0.3918
246 1 0 0 13.0960 0.4170
246 1 0 0 20.2650 0.2695
246 0 1 0 59.2990 0.0000
252 1 0 0 10.7880 0.4766
252 1 0 0 10.8500 0.4739
252 1 0 0 10.7620 0.4777
252 1 0 0 10.1450 0.5000
252 1 0 0 10.7660 0.4776
258 1 0 0 50.9420 0.1330
258 1 0 0 50.7960 0.1334
258 0 1 0 48.7650 0.0000
258 1 0 0 75.6850 0.1250
258 0 1 0 47.4270 0.0000
264 0 1 0 32.8420 0.0000
264 0 0 1 100.0140 0.0000
264 0 1 0 60.0700 0.0000
264 0 0 1 100.0680 0.0000
264 0 1 0 71.2850 0.0000
270 1 0 0 36.0970 0.1622
270 1 0 0 19.6900 0.2974
270 1 0 0 21.7740 0.2689
270 1 0 0 28.5760 0.2049
270 1 0 0 25.3800 0.2307
276 0 1 0 13.7020 0.0000
276 1 0 0 23.7210 0.2656
276 0 1 0 23.1680 0.0000
276 0 1 0 24.2930 0.0000
276 0 1 0 21.6260 0.0000
282 0 1 0 11.6380 0.0000
282 0 0 1 100.0910 0.0000
282 0 1 0 10.6970 0.0000
282 1 0 0 49.5460 0.1250
282 0 0 1 100.0400 0.0000
288 1 0 0 26.9310 0.2318
288 1 0 0 15.0500 0.4148
288 1 0 0 15.1630 0.4117
288 1 0 0 13.7900 0.4527
288 1 0 0 17.1790 0.3634
294 1 0 0 15.8850 0.3693
294 1 0 0 16.6940 0.3514
294 1 0 0 17.9180 0.3274
294 1 0 0 16.5210 0.3550
294 1 0 0 16.5160 0.3552
