0 1 0 0 16.4860 0.4122
0 1 0 0 15.0540 0.4515
0 0 1 0 9.9840 0.0000
0 1 0 0 18.5060 0.3672
6 1 0 0 13.3250 0.4691
6 1 0 0 25.7060 0.2431
6 1 0 0 28.6690 0.2180
6 1 0 0 22.3470 0.2797
6 1 0 0 13.7250 0.4554
12 1 0 0 15.2490 0.3848
12 1 0 0 27.4280 0.2139
12 1 0 0 23.5310 0.2494
12 1 0 0 14.7960 0.3966
12 1 0 0 22.9830 0.2553
18 1 0 0 11.8340 0.4901
18 1 0 0 11.7380 0.4941
18 1 0 0 11.6060 0.4997
18 1 0 0 11.7010 0.4956
18 1 0 0 11.6450 0.4980
24 1 0 0 15.9170 0.3899
24 1 0 0 15.5140 0.4000
24 1 0 0 16.5470 0.3750
24 1 0 0 14.9510 0.4150
24 1 0 0 17.4040 0.3565
30 1 0 0 15.1660 0.3905
30 1 0 0 24.1920 0.2448
30 1 0 0 16.3310 0.3627
30 1 0 0 17.5120 0.3382
30 1 0 0 15.3430 0.3860
36 1 0 0 12.8250 0.4106
36 1 0 0 10.6780 0.4931
36 1 0 0 10.4450 0.5000
36 1 0 0 13.5770 0.3878
36 1 0 0 13.0400 0.4038
42 1 0 0 10.1960 0.5000
42 1 0 0 10.2630 0.5000
42 1 0 0 10.1970 0.5000
42 1 0 0 10.2150 0.5000
42 1 0 0 10.2370 0.5000
48 1 0 0 15.7950 0.3558
48 1 0 0 12.5940 0.4462
48 1 0 0 15.7570 0.3567
48 1 0 0 16.8370 0.3338
48 1 0 0 15.5120 0.3623
54 1 0 0 10.6240 0.5000
54 1 0 0 10.4220 0.5000
54 1 0 0 10.4280 0.5000
54 1 0 0 10.2270 0.5000
54 1 0 0 10.3660 0.5000
60 1 0 0 13.9310 0.3926
60 1 0 0 11.4350 0.4783
60 1 0 0 17.1390 0.3191
60 1 0 0 11.4990 0.4756
60 1 0 0 12.5280 0.4365
66 1 0 0 17.7470 0.3007
66 0 1 0 8.4870 0.0000
66 1 0 0 16.1910 0.3296
66 1 0 0 15.6610 0.3408
66 1 0 0 14.9850 0.3562
72 1 0 0 10.3380 0.5000
72 1 0 0 10.2130 0.5000
72 1 0 0 10.2250 0.5000
72 1 0 0 10.1770 0.5000
72 1 0 0 10.2410 0.5000
78 1 0 0 12.7590 0.5000
78 1 0 0 16.6820 0.3910
78 1 0 0 19.8710 0.3282
78 1 0 0 16.3260 0.3995
78 1 0 0 17.1690 0.3799
84 1 0 0 10.4770 0.5000
84 1 0 0 10.3270 0.5000
84 1 0 0 10.2780 0.5000
84 1 0 0 10.2760 0.5000
84 1 0 0 10.3240 0.5000
90 1 0 0 11.7280 0.4739
90 1 0 0 11.8390 0.4695
90 1 0 0 11.9200 0.4663
90 1 0 0 11.5030 0.4832
90 1 0 0 11.6600 0.4767
96 1 0 0 13.0560 0.4230
96 1 0 0 16.3150 0.3385
96 1 0 0 15.9820 0.3455
96 1 0 0 13.5380 0.4079
96 1 0 0 13.3440 0.4139
102 1 0 0 13.9010 0.3822
102 1 0 0 13.9110 0.3820
102 1 0 0 17.2020 0.3089
102 1 0 0 14.7210 0.3609
102 1 0 0 26.1080 0.2035
108 1 0 0 13.4810 0.3955
108 1 0 0 13.8230 0.3857
108 1 0 0 14.4940 0.3678
108 1 0 0 12.6170 0.4226
108 1 0 0 12.0850 0.4412
114 0 1 0 41.7560 0.0000
114 1 0 0 39.0540 0.1596
114 1 0 0 46.3930 0.1343
114 1 0 0 47.8970 0.1301
114 1 0 0 60.5990 0.1250
120 1 0 0 19.9340 0.2872
120 1 0 0 20.0910 0.2849
120 1 0 0 22.6270 0.2530
120 1 0 0 20.1330 0.2843
120 1 0 0 23.5620 0.2429
126 0 1 0 12.2150 0.0000
126 1 0 0 21.1440 0.2609
126 1 0 0 17.7100 0.3115
126 1 0 0 18.5730 0.2970
126 1 0 0 16.7770 0.3288
132 0 1 0 22.9550 0.0000
132 1 0 0 27.0760 0.2006
132 0 0 1 100.0770 0.0000
132 0 0 1 100.0520 0.0000
132 1 0 0 39.7090 0.1368
138 0 0 1 100.0690 0.0000
138 1 0 0 25.3920 0.2630
138 1 0 0 29.8700 0.2236
138 1 0 0 37.8440 0.1765
138 0 1 0 42.7980 0.0000
144 1 0 0 14.2650 0.3852
144 1 0 0 14.7020 0.3738
144 0 0 1 100.0760 0.0000
144 1 0 0 14.3170 0.3838
144 1 0 0 14.5840 0.3768
150 1 0 0 34.2450 0.1591
150 1 0 0 35.1300 0.1551
150 1 0 0 24.0330 0.2267
150 0 1 0 20.3330 0.0000
150 1 0 0 51.2620 0.1250
156 1 0 0 11.2500 0.4647
156 1 0 0 11.4960 0.4547
156 1 0 0 14.4630 0.3614
156 1 0 0 11.3000 0.4626
156 1 0 0 10.9430 0.4777
162 1 0 0 21.2840 0.2546
162 1 0 0 22.3870 0.2421
162 1 0 0 34.4190 0.1575
162 1 0 0 20.5030 0.2643
162 1 0 0 27.2540 0.1989
168 1 0 0 20.8660 0.2803
168 1 0 0 39.6980 0.1473
168 1 0 0 20.7000 0.2825
168 1 0 0 18.0130 0.3246
168 1 0 0 17.1090 0.3418
174 1 0 0 12.2140 0.4379
174 1 0 0 13.0290 0.4105
174 1 0 0 18.5030 0.2890
174 1 0 0 15.8220 0.3380
174 1 0 0 12.7480 0.4195
180 0 1 0 19.3540 0.0000
180 1 0 0 25.4520 0.2231
180 1 0 0 20.6790 0.2746
180 1 0 0 19.6620 0.2888
180 1 0 0 20.3400 0.2792
186 1 0 0 30.5720 0.1941
186 1 0 0 34.6580 0.1713
186 1 0 0 24.6550 0.2407
186 1 0 0 40.9850 0.1448
186 1 0 0 25.8770 0.2294
192 1 0 0 25.7660 0.2156
192 1 0 0 16.2260 0.3424
192 1 0 0 17.6960 0.3140
192 1 0 0 18.4210 0.3016
192 1 0 0 16.9950 0.3269
198 1 0 0 12.8880 0.4385
198 1 0 0 11.4450 0.4938
198 1 0 0 11.4780 0.4924
198 1 0 0 11.5460 0.4895
198 1 0 0 11.3790 0.4967
204 0 1 0 23.2100 0.0000
204 1 0 0 17.7440 0.3853
204 0 1 0 16.1210 0.0000
204 0 1 0 14.4530 0.0000
204 1 0 0 17.5250 0.3901
210 1 0 0 21.2050 0.2487
210 1 0 0 21.6300 0.2439
210 1 0 0 17.1930 0.3068
210 1 0 0 17.5550 0.3005
210 1 0 0 14.8870 0.3543
216 1 0 0 37.5690 0.1489
216 1 0 0 34.3520 0.1628
216 1 0 0 34.3760 0.1627
216 1 0 0 23.5990 0.2370
216 1 0 0 33.5120 0.1669
222 0 1 0 49.8680 0.0000
222 1 0 0 20.0830 0.2755
222 1 0 0 30.6310 0.1806
222 1 0 0 22.0340 0.2511
222 1 0 0 50.1720 0.1250
228 1 0 0 56.3190 0.1250
228 0 0 1 100.0310 0.0000
228 0 1 0 18.3430 0.0000
228 1 0 0 24.2560 0.2588
228 1 0 0 46.6700 0.1345
234 1 0 0 93.1650 0.1250
234 1 0 0 24.3060 0.2211
234 1 0 0 25.4310 0.2114
234 1 0 0 16.8620 0.3188
234 0 1 0 20.8290 0.0000
240 1 0 0 25.8370 0.2474
240 1 0 0 27.5100 0.2324
240 1 0 0 17.1910 0.3718
240 1 0 0 15.1000 0.4233
240 1 0 0 15.2990 0.4178
246 0 1 0 14.3600 0.0000
246 0 1 0 12.6870 0.0000
246 0 0 1 100.0740 0.0000
246 0 1 0 36.7700 0.0000
246 0 0 1 100.0190 0.0000
252 1 0 0 10.2730 0.5000
252 1 0 0 10.2780 0.5000
252 1 0 0 10.2990 0.4992
252 1 0 0 11.7580 0.4373
252 1 0 0 10.9140 0.4711
258 1 0 0 27.8700 0.2432
258 1 0 0 33.8630 0.2001
258 1 0 0 33.2580 0.2038
258 1 0 0 24.5440 0.2761
258 1 0 0 22.6580 0.2991
264 0 1 0 67.7890 0.0000
264 0 1 0 58.2200 0.0000
264 0 1 0 23.4610 0.0000
264 0 1 0 54.9200 0.0000
264 0 0 1 100.0880 0.0000
270 1 0 0 11.9220 0.4911
270 1 0 0 23.3950 0.2503
270 1 0 0 18.6710 0.3136
270 1 0 0 27.7610 0.2109
270 1 0 0 35.3410 0.1657
276 0 1 0 90.3830 0.0000
276 0 0 1 100.0540 0.0000
276 1 0 0 29.1690 0.2160
276 0 0 1 100.0120 0.0000
276 0 1 0 38.3420 0.0000
282 0 0 1 100.0920 0.0000
282 0 0 1 100.0640 0.0000
282 0 0 1 100.0310 0.0000
282 0 0 1 100.0580 0.0000
282 0 1 0 18.4130 0.0000
288 1 0 0 27.8120 0.2245
288 1 0 0 35.2820 0.1769
288 1 0 0 31.7930 0.1964
288 1 0 0 36.5770 0.1707
288 1 0 0 33.8310 0.1845
294 0 0 1 100.0140 0.0000
294 1 0 0 20.6060 0.2847
294 0 0 1 100.0930 0.0000
294 1 0 0 39.1210 0.1499
294 1 0 0 22.9030 0.2561
