0 1 0 0 23.4460 0.2899
0 1 0 0 17.7630 0.3826
0 1 0 0 19.6380 0.3461
0 1 0 0 15.9400 0.4264
0 1 0 0 16.9530 0.4009
6 1 0 0 22.8730 0.2733
6 1 0 0 19.9340 0.3136
6 1 0 0 27.1630 0.2301
6 1 0 0 20.2390 0.3088
6 1 0 0 17.0050 0.3676
12 1 0 0 24.4340 0.2402
12 1 0 0 24.2280 0.2422
12 0 1 0 11.9890 0.0000
12 1 0 0 17.9040 0.3277
12 1 0 0 25.5990 0.2292
18 1 0 0 11.7850 0.4921
18 1 0 0 11.9260 0.4863
18 1 0 0 11.9410 0.4857
18 1 0 0 11.8830 0.4880
18 1 0 0 14.3550 0.4040
24 1 0 0 15.1390 0.4099
24 1 0 0 15.2710 0.4063
24 1 0 0 16.3220 0.3802
24 1 0 0 18.7800 0.3304
24 1 0 0 17.2890 0.3589
30 1 0 0 14.5560 0.4069
30 1 0 0 19.3970 0.3054
30 1 0 0 15.4140 0.3843
30 1 0 0 19.7210 0.3003
30 1 0 0 19.4090 0.3052
36 1 0 0 10.2450 0.5000
36 1 0 0 10.2900 0.5000
36 1 0 0 10.3000 0.5000
36 1 0 0 10.3590 0.5000
36 1 0 0 15.6520 0.3364
42 1 0 0 10.3150 0.5000
42 1 0 0 10.2930 0.5000
42 1 0 0 10.2610 0.5000
42 1 0 0 10.2390 0.5000
42 1 0 0 10.2420 0.5000
48 1 0 0 14.9760 0.3753
48 1 0 0 15.5160 0.3622
48 1 0 0 14.1620 0.3968
48 1 0 0 14.8520 0.3784
48 1 0 0 12.6560 0.4441
54 1 0 0 12.2300 0.4562
54 1 0 0 10.2810 0.5000
54 1 0 0 10.0600 0.5000
54 1 0 0 10.2830 0.5000
54 1 0 0 13.5500 0.4117
60 1 0 0 23.7270 0.2305
60 1 0 0 13.0680 0.4185
60 1 0 0 16.6920 0.3276
60 1 0 0 15.8070 0.3460
60 1 0 0 14.3560 0.3809
66 1 0 0 17.7740 0.3003
66 0 1 0 10.2300 0.0000
66 0 1 0 9.8430 0.0000
66 1 0 0 14.4950 0.3682
66 1 0 0 14.7960 0.3607
72 1 0 0 10.1960 0.5000
72 1 0 0 10.3300 0.5000
72 1 0 0 10.2260 0.5000
72 1 0 0 10.3030 0.5000
72 1 0 0 10.2530 0.5000
78 1 0 0 12.5120 0.5000
78 1 0 0 12.5200 0.5000
78 1 0 0 12.6310 0.5000
78 1 0 0 17.4810 0.3731
78 1 0 0 14.6050 0.4466
84 1 0 0 10.3770 0.5000
84 1 0 0 10.2730 0.5000
84 1 0 0 15.3740 0.3513
84 1 0 0 11.0820 0.4874
84 1 0 0 10.3590 0.5000
90 1 0 0 11.6890 0.4755
90 1 0 0 11.5110 0.4828
90 1 0 0 11.8770 0.4680
90 1 0 0 11.5130 0.4827
90 1 0 0 11.7370 0.4735
96 1 0 0 11.5880 0.4766
96 1 0 0 11.9800 0.4610
96 1 0 0 19.9160 0.2773
96 1 0 0 14.6600 0.3767
96 1 0 0 12.7960 0.4316
102 1 0 0 32.1150 0.1655
102 1 0 0 16.3780 0.3244
102 1 0 0 17.9020 0.2968
102 1 0 0 14.0180 0.3790
102 0 1 0 14.6630 0.0000
108 1 0 0 13.5800 0.3926
108 1 0 0 11.1210 0.4794
108 1 0 0 16.1350 0.3304
108 1 0 0 13.3920 0.3981
108 1 0 0 10.9760 0.4857
114 0 1 0 35.7120 0.0000
114 1 0 0 37.8300 0.1647
114 0 0 1 100.0070 0.0000
114 1 0 0 53.7110 0.1250
114 0 1 0 79.1580 0.0000
120 1 0 0 24.5140 0.2335
120 1 0 0 22.9800 0.2491
120 1 0 0 22.4680 0.2548
120 1 0 0 25.1870 0.2273
120 1 0 0 23.3640 0.2450
126 0 1 0 26.5480 0.0000
126 1 0 0 19.6360 0.2810
126 1 0 0 14.6060 0.3777
126 1 0 0 17.6950 0.3118
126 1 0 0 22.9670 0.2402
132 0 0 1 100.1010 0.0000
132 1 0 0 31.4870 0.1725
132 0 1 0 26.7730 0.0000
132 1 0 0 27.6890 0.1962
132 1 0 0 22.5280 0.2411
138 1 0 0 25.6570 0.2603
138 0 1 0 12.2860 0.0000
138 1 0 0 86.5140 0.1250
138 1 0 0 24.8120 0.2692
138 1 0 0 45.3640 0.1472
144 1 0 0 14.2910 0.3845
144 1 0 0 15.9640 0.3442
144 1 0 0 17.2420 0.3187
144 1 0 0 20.7080 0.2654
144 1 0 0 19.2310 0.2858
150 1 0 0 21.4930 0.2535
150 1 0 0 19.3050 0.2823
150 1 0 0 74.6730 0.1250
150 0 1 0 39.6720 0.0000
150 1 0 0 29.5830 0.1842
156 1 0 0 11.5360 0.4532
156 1 0 0 16.8260 0.3107
156 1 0 0 11.7460 0.4450
156 1 0 0 11.3490 0.4606
156 1 0 0 11.4230 0.4576
162 1 0 0 21.7600 0.2491
162 1 0 0 36.1750 0.1498
162 1 0 0 19.2020 0.2822
162 1 0 0 21.3990 0.2533
162 0 0 1 100.0110 0.0000
168 1 0 0 18.5080 0.3160
168 1 0 0 20.5130 0.2851
168 1 0 0 22.6280 0.2584
168 1 0 0 20.9510 0.2791
168 1 0 0 22.2960 0.2623
174 1 0 0 16.1770 0.3306
174 1 0 0 15.1020 0.3541
174 1 0 0 15.8980 0.3364
174 1 0 0 13.3870 0.3995
174 1 0 0 15.3020 0.3495
180 1 0 0 20.3820 0.2786
180 1 0 0 18.6240 0.3049
180 1 0 0 20.0050 0.2839
180 1 0 0 18.7980 0.3021
180 1 0 0 24.2270 0.2344
186 1 0 0 25.1440 0.2361
186 1 0 0 25.9180 0.2290
186 1 0 0 33.0520 0.1796
186 1 0 0 24.8410 0.2389
186 1 0 0 32.1640 0.1845
192 1 0 0 18.9150 0.2937
192 1 0 0 17.6900 0.3141
192 1 0 0 25.6070 0.2170
192 1 0 0 21.3770 0.2599
192 1 0 0 20.3780 0.2726
198 1 0 0 11.4800 0.4923
198 1 0 0 11.4310 0.4944
198 1 0 0 11.6580 0.4848
198 1 0 0 11.5240 0.4904
198 1 0 0 11.5530 0.4892
204 1 0 0 25.4090 0.2691
204 1 0 0 17.9220 0.3815
204 0 0 1 100.0770 0.0000
204 1 0 0 18.3220 0.3732
204 1 0 0 19.6720 0.3476
210 1 0 0 19.3580 0.2725
210 1 0 0 17.3210 0.3045
210 1 0 0 25.1610 0.2096
210 1 0 0 20.6790 0.2551
210 1 0 0 28.4610 0.1853
216 1 0 0 30.2520 0.1849
216 1 0 0 40.7080 0.1374
216 1 0 0 31.3060 0.1787
216 1 0 0 38.7420 0.1444
216 1 0 0 32.3340 0.1730
222 1 0 0 44.9140 0.1250
222 1 0 0 90.0890 0.1250
222 1 0 0 20.8670 0.2651
222 1 0 0 21.8560 0.2531
222 1 0 0 23.8080 0.2324
228 1 0 0 25.3980 0.2472
228 0 1 0 22.4970 0.0000
228 0 1 0 35.5900 0.0000
228 0 0 1 100.0910 0.0000
228 0 1 0 73.2870 0.0000
234 0 1 0 21.1010 0.0000
234 0 1 0 17.8230 0.0000
234 1 0 0 25.0660 0.2144
234 1 0 0 15.8830 0.3384
234 1 0 0 17.5840 0.3057
240 1 0 0 15.7120 0.4068
240 1 0 0 15.2100 0.4203
240 1 0 0 13.4170 0.4764
240 1 0 0 25.1330 0.2543
240 1 0 0 18.2570 0.3501
246 0 1 0 68.3780 0.0000
246 1 0 0 19.3150 0.2827
246 1 0 0 21.0440 0.2595
246 1 0 0 16.6270 0.3284
246 1 0 0 18.4440 0.2961
252 1 0 0 10.2400 0.5000
252 1 0 0 17.3720 0.2960
252 1 0 0 10.2310 0.5000
252 1 0 0 10.2380 0.5000
252 1 0 0 9.9060 0.5000
258 1 0 0 23.9230 0.2833
258 1 0 0 24.3440 0.2784
258 1 0 0 22.9010 0.2959
258 0 1 0 14.1790 0.0000
258 1 0 0 21.9600 0.3086
264 1 0 0 74.8650 0.1250
264 0 1 0 47.3880 0.0000
264 0 0 1 100.0670 0.0000
264 0 0 1 100.1070 0.0000
264 0 0 1 100.0660 0.0000
270 0 1 0 22.1420 0.0000
270 0 0 1 100.1030 0.0000
270 1 0 0 25.5600 0.2291
270 1 0 0 28.9450 0.2023
270 1 0 0 19.9340 0.2937
276 0 1 0 26.8710 0.0000
276 0 1 0 16.2060 0.0000
276 1 0 0 32.0080 0.1968
276 0 0 1 100.0560 0.0000
276 0 1 0 34.9860 0.0000
282 0 0 1 100.0790 0.0000
282 0 0 1 100.0240 0.0000
282 0 0 1 100.0740 0.0000
282 0 0 1 100.0290 0.0000
282 0 0 1 100.0450 0.0000
288 1 0 0 40.6300 0.1537
288 1 0 0 27.1790 0.2297
288 1 0 0 41.9050 0.1490
288 1 0 0 61.2010 0.1250
288 1 0 0 62.5340 0.1250
294 1 0 0 93.0090 0.1250
294 1 0 0 24.8510 0.2360
294 1 0 0 35.1310 0.1670
294 1 0 0 18.6200 0.3150
294 1 0 0 88.8240 0.1250
