0 1 0 0 10.7030 0.5000
0 1 0 0 12.9930 0.5000
0 1 0 0 14.0070 0.4852
0 1 0 0 10.2370 0.5000
0 1 0 0 13.5070 0.5000
6 1 0 0 18.2500 0.3425
6 1 0 0 17.8910 0.3494
6 1 0 0 14.9260 0.4188
6 1 0 0 18.7650 0.3331
6 1 0 0 16.0370 0.3897
12 1 0 0 14.5290 0.4039
12 1 0 0 12.9230 0.4541
12 1 0 0 13.9570 0.4204
12 1 0 0 9.4300 0.5000
12 1 0 0 16.9790 0.3456
18 1 0 0 9.5300 0.5000
18 1 0 0 9.0860 0.5000
18 1 0 0 8.4180 0.5000
18 1 0 0 8.5830 0.5000
18 1 0 0 8.3170 0.5000
24 1 0 0 13.2770 0.4674
24 1 0 0 12.3520 0.5000
24 1 0 0 12.4610 0.4980
24 1 0 0 14.8820 0.4170
24 1 0 0 13.4230 0.4623
30 1 0 0 15.4340 0.3838
30 1 0 0 14.4820 0.4090
30 1 0 0 26.2390 0.2257
30 1 0 0 10.4500 0.5000
30 1 0 0 13.8880 0.4265
36 1 0 0 7.0240 0.5000
36 1 0 0 6.9840 0.5000
36 1 0 0 15.8630 0.3320
36 1 0 0 7.0060 0.5000
36 1 0 0 9.0500 0.5000
42 1 0 0 6.9370 0.5000
42 1 0 0 6.9900 0.5000
42 1 0 0 6.9240 0.5000
42 1 0 0 6.9970 0.5000
42 1 0 0 6.9620 0.5000
48 1 0 0 12.2790 0.4577
48 1 0 0 11.4680 0.4901
48 1 0 0 13.2980 0.4226
48 1 0 0 12.2730 0.4579
48 1 0 0 12.3580 0.4548
54 1 0 0 6.9900 0.5000
54 1 0 0 10.4620 0.5000
54 1 0 0 6.9940 0.5000
54 1 0 0 7.0370 0.5000
54 1 0 0 7.1100 0.5000
60 1 0 0 14.2730 0.3832
60 1 0 0 11.9900 0.4561
60 1 0 0 10.0500 0.5000
60 1 0 0 9.8940 0.5000
60 1 0 0 12.2750 0.4455
66 1 0 0 12.6040 0.4235
66 1 0 0 31.4830 0.1695
66 1 0 0 12.5600 0.4249
66 1 0 0 12.1010 0.4411
66 1 0 0 22.3570 0.2387
72 1 0 0 6.9260 0.5000
72 1 0 0 6.9750 0.5000
72 1 0 0 6.9860 0.5000
72 1 0 0 6.9240 0.5000
72 1 0 0 6.9620 0.5000
78 1 0 0 10.1220 0.5000
78 1 0 0 11.8120 0.5000
78 1 0 0 10.9970 0.5000
78 1 0 0 12.4370 0.5000
78 1 0 0 13.8270 0.4717
84 1 0 0 7.0340 0.5000
84 1 0 0 7.1380 0.5000
84 1 0 0 7.1430 0.5000
84 1 0 0 7.1010 0.5000
84 1 0 0 7.8680 0.5000
90 1 0 0 9.2100 0.5000
90 1 0 0 9.5330 0.5000
90 1 0 0 9.0630 0.5000
90 1 0 0 8.8710 0.5000
90 1 0 0 8.3480 0.5000
96 1 0 0 12.5200 0.4411
96 1 0 0 27.3470 0.2019
96 0 1 0 19.7290 0.0000
96 1 0 0 12.2300 0.4515
96 1 0 0 16.8780 0.3272
102 0 1 0 7.9540 0.0000
102 1 0 0 11.0260 0.4819
102 1 0 0 12.7720 0.4160
102 1 0 0 9.6840 0.5000
102 1 0 0 9.3810 0.5000
108 1 0 0 11.6320 0.4583
108 1 0 0 11.4280 0.4665
108 1 0 0 7.4320 0.5000
108 1 0 0 30.6130 0.1742
108 1 0 0 10.1340 0.5000
114 0 1 0 8.8540 0.0000
114 0 0 1 100.0130 0.0000
114 1 0 0 38.6540 0.1612
114 0 0 1 100.0180 0.0000
114 0 1 0 57.6580 0.0000
120 1 0 0 20.5910 0.2780
120 1 0 0 17.4860 0.3274
120 1 0 0 20.1880 0.2835
120 1 0 0 16.6670 0.3434
120 1 0 0 17.4370 0.3283
126 1 0 0 27.6680 0.1994
126 0 0 1 100.0230 0.0000
126 1 0 0 25.2770 0.2183
126 1 0 0 20.8640 0.2644
126 0 0 1 100.0140 0.0000
132 1 0 0 24.5010 0.2217
132 1 0 0 81.2260 0.1250
132 1 0 0 23.2470 0.2337
132 1 0 0 36.2050 0.1500
132 0 0 1 100.0080 0.0000
138 1 0 0 21.7440 0.3071
138 1 0 0 19.0480 0.3506
138 0 0 1 100.0250 0.0000
138 0 1 0 16.4920 0.0000
138 1 0 0 27.1400 0.2461
144 1 0 0 14.2560 0.3855
144 1 0 0 10.5870 0.5000
144 1 0 0 10.4560 0.5000
144 1 0 0 10.7560 0.5000
144 1 0 0 11.7780 0.4666
150 1 0 0 14.9090 0.3655
150 1 0 0 18.9130 0.2881
150 0 1 0 24.6460 0.0000
150 1 0 0 19.4250 0.2805
150 0 1 0 36.8420 0.0000
156 1 0 0 7.6180 0.5000
156 1 0 0 7.6520 0.5000
156 1 0 0 8.2020 0.5000
156 1 0 0 8.4120 0.5000
156 1 0 0 7.7240 0.5000
162 0 0 1 100.0160 0.0000
162 1 0 0 23.1340 0.2343
162 1 0 0 19.5800 0.2768
162 1 0 0 18.3130 0.2960
162 0 1 0 5.9140 0.0000
168 1 0 0 14.7030 0.3977
168 1 0 0 20.7370 0.2820
168 1 0 0 20.4400 0.2861
168 1 0 0 31.4000 0.1862
168 1 0 0 35.3550 0.1654
174 1 0 0 8.4520 0.5000
174 1 0 0 8.4660 0.5000
174 1 0 0 8.3180 0.5000
174 1 0 0 8.3140 0.5000
174 1 0 0 8.3590 0.5000
180 1 0 0 29.7050 0.1912
180 1 0 0 20.1090 0.2824
180 1 0 0 38.6230 0.1470
180 1 0 0 32.8180 0.1730
180 1 0 0 20.0860 0.2827
186 1 0 0 54.4930 0.1250
186 0 1 0 17.7610 0.0000
186 0 1 0 16.4750 0.0000
186 1 0 0 21.4370 0.2769
186 0 1 0 62.4130 0.0000
192 1 0 0 28.5750 0.1944
192 1 0 0 22.3030 0.2491
192 0 1 0 23.0030 0.0000
192 1 0 0 23.6450 0.2350
192 1 0 0 26.2330 0.2118
198 1 0 0 10.4820 0.5000
198 1 0 0 10.7760 0.5000
198 1 0 0 11.7700 0.4802
198 1 0 0 8.5770 0.5000
198 1 0 0 11.8540 0.4768
204 1 0 0 10.8790 0.5000
204 1 0 0 12.5150 0.5000
204 0 0 1 100.0260 0.0000
204 0 1 0 23.5220 0.0000
204 0 1 0 9.8200 0.0000
210 1 0 0 14.3090 0.3686
210 1 0 0 12.9850 0.4062
210 0 1 0 25.8300 0.0000
210 1 0 0 23.3220 0.2262
210 1 0 0 51.9780 0.1250
216 0 0 1 100.0100 0.0000
216 0 0 1 100.0110 0.0000
216 0 0 1 100.0220 0.0000
216 0 0 1 100.0730 0.0000
216 0 0 1 100.0260 0.0000
222 1 0 0 24.6100 0.2248
222 1 0 0 16.3370 0.3387
222 1 0 0 20.8160 0.2658
222 1 0 0 35.4660 0.1560
222 0 1 0 13.4020 0.0000
228 0 0 1 100.0020 0.0000
228 1 0 0 41.4770 0.1513
228 0 1 0 53.9240 0.0000
228 0 0 1 100.0050 0.0000
228 0 1 0 46.0030 0.0000
234 1 0 0 27.5830 0.1949
234 1 0 0 17.5840 0.3057
234 1 0 0 15.0530 0.3571
234 0 1 0 9.2290 0.0000
234 1 0 0 14.2320 0.3777
240 1 0 0 14.0990 0.4534
240 1 0 0 18.2080 0.3511
240 1 0 0 26.5610 0.2407
240 1 0 0 28.9350 0.2209
240 1 0 0 22.3200 0.2864
246 0 0 1 100.0330 0.0000
246 1 0 0 25.2420 0.2163
246 0 0 1 100.0150 0.0000
246 1 0 0 26.5040 0.2060
246 1 0 0 18.6530 0.2927
252 1 0 0 7.0030 0.5000
252 1 0 0 6.8840 0.5000
252 1 0 0 7.0310 0.5000
252 1 0 0 7.0270 0.5000
252 1 0 0 7.0460 0.5000
258 0 0 1 100.0050 0.0000
258 0 0 1 100.0880 0.0000
258 1 0 0 29.3470 0.2309
258 1 0 0 34.2160 0.1981
258 0 0 1 100.1030 0.0000
264 0 0 1 100.0850 0.0000
264 0 0 1 100.0210 0.0000
264 0 0 1 100.0470 0.0000
264 0 0 1 100.0920 0.0000
264 0 0 1 100.0330 0.0000
270 1 0 0 21.4110 0.2734
270 1 0 0 17.7890 0.3291
270 1 0 0 16.4460 0.3560
270 0 0 1 100.0710 0.0000
270 1 0 0 8.6390 0.5000
276 1 0 0 50.6550 0.1250
276 0 1 0 96.7860 0.0000
276 0 1 0 16.0190 0.0000
276 0 0 1 100.0220 0.0000
276 0 1 0 66.6690 0.0000
282 0 1 0 99.3250 0.0000
282 0 1 0 17.4220 0.0000
282 0 0 1 100.0940 0.0000
282 0 0 1 100.0690 0.0000
282 0 0 1 100.0160 0.0000
288 1 0 0 36.9560 0.1689
288 1 0 0 14.3790 0.4342
288 0 1 0 5.6360 0.0000
288 1 0 0 16.8090 0.3714
288 1 0 0 15.0910 0.4137
294 1 0 0 28.3500 0.2069
294 1 0 0 13.4790 0.4352
294 1 0 0 18.2870 0.3208
294 1 0 0 14.2920 0.4104
294 1 0 0 14.9790 0.3916
