0 1 0 0 13.4560 0.5000
0 1 0 0 13.0660 0.5000
0 1 0 0 15.9140 0.4271
0 1 0 0 17.1830 0.3955
0 1 0 0 13.8420 0.4910
6 1 0 0 17.0670 0.3662
6 0 1 0 5.6050 0.0000
6 1 0 0 12.3760 0.5000
6 1 0 0 18.7360 0.3336
6 1 0 0 11.2780 0.5000
12 1 0 0 7.8330 0.5000
12 1 0 0 9.1070 0.5000
12 1 0 0 25.2490 0.2324
12 1 0 0 27.9910 0.2096
12 1 0 0 8.3630 0.5000
18 1 0 0 8.0520 0.5000
18 1 0 0 8.5000 0.5000
18 1 0 0 8.4890 0.5000
18 1 0 0 8.6570 0.5000
18 1 0 0 8.2180 0.5000
24 1 0 0 14.0740 0.4409
24 0 1 0 7.7130 0.0000
24 1 0 0 15.8510 0.3915
24 1 0 0 11.3820 0.5000
24 1 0 0 17.6220 0.3521
30 1 0 0 15.9330 0.3717
30 1 0 0 18.3230 0.3233
30 1 0 0 17.6580 0.3354
30 1 0 0 17.0620 0.3471
30 1 0 0 15.3870 0.3849
36 1 0 0 6.1830 0.5000
36 1 0 0 5.9590 0.5000
36 1 0 0 6.0900 0.5000
36 1 0 0 6.0580 0.5000
36 1 0 0 6.0910 0.5000
42 1 0 0 6.0660 0.5000
42 1 0 0 6.0620 0.5000
42 1 0 0 6.0130 0.5000
42 1 0 0 6.0600 0.5000
42 1 0 0 6.0920 0.5000
48 0 0 1 100.0460 0.0000
48 1 0 0 9.9900 0.5000
48 1 0 0 10.5880 0.5000
48 1 0 0 25.1220 0.2237
48 0 1 0 28.1050 0.0000
54 1 0 0 6.0570 0.5000
54 1 0 0 6.4860 0.5000
54 1 0 0 6.6450 0.5000
54 1 0 0 6.1400 0.5000
54 1 0 0 8.1760 0.5000
60 1 0 0 13.8070 0.3961
60 1 0 0 12.3300 0.4435
60 1 0 0 6.2590 0.5000
60 1 0 0 12.9290 0.4230
60 1 0 0 6.0940 0.5000
66 1 0 0 10.3810 0.5000
66 1 0 0 17.2270 0.3098
66 1 0 0 11.9970 0.4449
66 1 0 0 14.1030 0.3785
66 1 0 0 11.2230 0.4756
72 1 0 0 6.0480 0.5000
72 1 0 0 6.1830 0.5000
72 1 0 0 6.1100 0.5000
72 1 0 0 6.0040 0.5000
72 1 0 0 6.0850 0.5000
78 1 0 0 15.7020 0.4154
78 1 0 0 15.3080 0.4260
78 1 0 0 14.4780 0.4505
78 1 0 0 9.9950 0.5000
78 1 0 0 16.7140 0.3902
84 1 0 0 11.2620 0.4796
84 1 0 0 6.0910 0.5000
84 1 0 0 6.9240 0.5000
84 1 0 0 5.9540 0.5000
84 1 0 0 9.3950 0.5000
90 1 0 0 8.3750 0.5000
90 1 0 0 8.3890 0.5000
90 1 0 0 8.3600 0.5000
90 1 0 0 8.9970 0.5000
90 1 0 0 8.9480 0.5000
96 1 0 0 9.8840 0.5000
96 1 0 0 8.3970 0.5000
96 1 0 0 21.6700 0.2548
96 1 0 0 10.9940 0.5000
96 1 0 0 14.0440 0.3932
102 1 0 0 21.7400 0.2444
102 1 0 0 16.1500 0.3290
102 0 0 1 100.0510 0.0000
102 1 0 0 14.6690 0.3622
102 1 0 0 16.1610 0.3288
108 1 0 0 9.2530 0.5000
108 1 0 0 10.4190 0.5000
108 1 0 0 24.3020 0.2194
108 1 0 0 8.2400 0.5000
108 1 0 0 11.1380 0.4787
114 0 1 0 15.0020 0.0000
114 0 0 1 100.1000 0.0000
114 1 0 0 32.7480 0.1903
114 1 0 0 11.0630 0.5000
114 0 0 1 100.0030 0.0000
120 0 1 0 12.9240 0.0000
120 1 0 0 18.8200 0.3042
120 0 0 1 100.0900 0.0000
120 1 0 0 25.4940 0.2245
120 1 0 0 28.4600 0.2011
126 0 1 0 25.0250 0.0000
126 0 0 1 100.0270 0.0000
126 0 0 1 100.0900 0.0000
126 0 1 0 39.3500 0.0000
126 0 0 1 100.0210 0.0000
132 1 0 0 27.3260 0.1988
132 1 0 0 17.1270 0.3171
132 1 0 0 26.8550 0.2023
132 1 0 0 17.9590 0.3025
132 1 0 0 21.9300 0.2477
138 0 1 0 26.7950 0.0000
138 1 0 0 25.5060 0.2618
138 1 0 0 20.6370 0.3236
138 0 1 0 7.0180 0.0000
138 0 1 0 35.3540 0.0000
144 1 0 0 9.4200 0.5000
144 1 0 0 12.0370 0.4566
144 1 0 0 10.2920 0.5000
144 1 0 0 12.4390 0.4418
144 1 0 0 14.6050 0.3763
150 0 1 0 42.8130 0.0000
150 1 0 0 23.7440 0.2295
150 0 1 0 21.7170 0.0000
150 0 1 0 23.6940 0.0000
150 1 0 0 45.3340 0.1250
156 1 0 0 6.4060 0.5000
156 1 0 0 7.2330 0.5000
156 1 0 0 8.1870 0.5000
156 1 0 0 6.9310 0.5000
156 1 0 0 6.9350 0.5000
162 0 1 0 35.4280 0.0000
162 1 0 0 28.8980 0.1875
162 1 0 0 12.8320 0.4224
162 1 0 0 22.5090 0.2408
162 1 0 0 19.4600 0.2785
168 1 0 0 26.7350 0.2187
168 1 0 0 34.2000 0.1710
168 1 0 0 16.0710 0.3639
168 1 0 0 15.6750 0.3731
168 1 0 0 25.7920 0.2267
174 1 0 0 11.3590 0.4708
174 1 0 0 11.7110 0.4567
174 1 0 0 16.2500 0.3291
174 1 0 0 11.6910 0.4575
174 1 0 0 21.3120 0.2509
180 1 0 0 18.2220 0.3117
180 1 0 0 22.2930 0.2547
180 1 0 0 16.2170 0.3502
180 1 0 0 19.3630 0.2933
180 1 0 0 27.6050 0.2057
186 1 0 0 19.6900 0.3014
186 0 1 0 23.9820 0.0000
186 1 0 0 19.9090 0.2981
186 1 0 0 27.6240 0.2149
186 1 0 0 21.5180 0.2758
192 1 0 0 35.2860 0.1575
192 1 0 0 27.4070 0.2027
192 1 0 0 19.6020 0.2834
192 1 0 0 17.4780 0.3179
192 1 0 0 25.3410 0.2193
198 1 0 0 14.3060 0.3951
198 1 0 0 9.9280 0.5000
198 1 0 0 10.5730 0.5000
198 1 0 0 13.4520 0.4201
198 1 0 0 13.3930 0.4220
204 1 0 0 27.6210 0.2475
204 0 1 0 22.1860 0.0000
204 1 0 0 10.1010 0.5000
204 1 0 0 17.4880 0.3910
204 0 0 1 100.0220 0.0000
210 0 0 1 100.0090 0.0000
210 1 0 0 15.8710 0.3323
210 1 0 0 20.1260 0.2621
210 1 0 0 22.5080 0.2343
210 1 0 0 12.4770 0.4227
216 0 1 0 15.1730 0.0000
216 0 0 1 100.0600 0.0000
216 0 0 1 100.0480 0.0000
216 0 0 1 100.0660 0.0000
216 0 0 1 100.0580 0.0000
222 1 0 0 23.3120 0.2373
222 1 0 0 22.1260 0.2501
222 1 0 0 13.4200 0.4123
222 1 0 0 17.8680 0.3096
222 1 0 0 17.8820 0.3094
228 0 1 0 23.6210 0.0000
228 0 0 1 100.0490 0.0000
228 0 0 1 100.0870 0.0000
228 0 0 1 100.0240 0.0000
228 0 0 1 100.0720 0.0000
234 1 0 0 17.2040 0.3124
234 1 0 0 12.9160 0.4161
234 1 0 0 20.2730 0.2651
234 0 0 1 100.0090 0.0000
234 1 0 0 28.4420 0.1890
240 1 0 0 14.7620 0.4330
240 1 0 0 20.0780 0.3184
240 1 0 0 21.3790 0.2990
240 1 0 0 39.8740 0.1603
240 1 0 0 31.5540 0.2026
246 1 0 0 48.3810 0.1250
246 1 0 0 35.0680 0.1557
246 0 0 1 100.0040 0.0000
246 1 0 0 13.2940 0.4108
246 1 0 0 16.3880 0.3332
252 1 0 0 6.1660 0.5000
252 1 0 0 5.9900 0.5000
252 0 1 0 3.1410 0.0000
252 1 0 0 6.1770 0.5000
252 1 0 0 6.1790 0.5000
258 0 0 1 100.0160 0.0000
258 0 1 0 9.2590 0.0000
258 0 0 1 100.1010 0.0000
258 1 0 0 88.2170 0.1250
258 1 0 0 71.2120 0.1250
264 0 0 1 100.0500 0.0000
264 0 0 1 100.0440 0.0000
264 0 0 1 100.0590 0.0000
264 0 0 1 100.0730 0.0000
264 0 0 1 100.0030 0.0000
270 1 0 0 8.3450 0.5000
270 1 0 0 7.9540 0.5000
270 1 0 0 8.0670 0.5000
270 1 0 0 8.2690 0.5000
270 1 0 0 7.9080 0.5000
276 1 0 0 20.7310 0.3039
276 0 1 0 49.7010 0.0000
276 1 0 0 56.8680 0.1250
276 0 1 0 44.6160 0.0000
276 0 1 0 14.1150 0.0000
282 1 0 0 32.4980 0.1879
282 0 0 1 100.0440 0.0000
282 0 1 0 65.1350 0.0000
282 0 0 1 100.0180 0.0000
282 0 0 1 100.0710 0.0000
288 1 0 0 22.3060 0.2799
288 0 1 0 14.2040 0.0000
288 1 0 0 17.5240 0.3563
288 1 0 0 17.8390 0.3500
288 0 1 0 29.3760 0.0000
294 1 0 0 12.7560 0.4598
294 1 0 0 15.6930 0.3738
294 0 1 0 13.0560 0.0000
294 1 0 0 12.5450 0.4676
294 0 0 1 100.0390 0.0000
