0 1 0 0 38.9540 0.1745
0 1 0 0 73.3430 0.1250
0 0 0 1 100.0410 0.0000
0 1 0 0 62.9820 0.1250
0 1 0 0 36.7430 0.1850
6 1 0 0 95.6070 0.1250
6 0 0 1 100.0050 0.0000
6 1 0 0 38.0140 0.1644
6 1 0 0 82.0420 0.1250
6 1 0 0 52.5820 0.1250
12 1 0 0 23.3090 0.2517
12 1 0 0 39.6040 0.1482
12 1 0 0 34.7930 0.1687
12 1 0 0 22.9650 0.2555
12 1 0 0 24.9180 0.2355
18 1 0 0 18.8570 0.3075
18 1 0 0 18.9630 0.3058
18 1 0 0 19.5780 0.2962
18 1 0 0 19.9590 0.2906
18 1 0 0 19.6000 0.2959
24 1 0 0 39.1200 0.1586
24 1 0 0 35.6940 0.1738
24 1 0 0 57.0100 0.1250
24 1 0 0 50.9180 0.1250
24 1 0 0 54.7670 0.1250
30 1 0 0 20.4140 0.2901
30 1 0 0 21.3460 0.2775
30 1 0 0 20.2560 0.2924
30 1 0 0 20.5790 0.2878
30 1 0 0 20.2190 0.2929
36 1 0 0 18.4080 0.2861
36 1 0 0 18.7440 0.2809
36 1 0 0 19.5220 0.2697
36 1 0 0 19.5630 0.2692
36 1 0 0 18.6330 0.2826
42 1 0 0 17.8140 0.3184
42 1 0 0 17.9050 0.3168
42 1 0 0 17.8310 0.3181
42 1 0 0 17.8090 0.3185
42 1 0 0 17.8560 0.3176
48 1 0 0 22.4620 0.2502
48 1 0 0 28.3590 0.1982
48 1 0 0 23.4250 0.2399
48 1 0 0 22.2520 0.2526
48 1 0 0 21.6040 0.2601
54 1 0 0 18.7660 0.2973
54 1 0 0 18.9160 0.2949
54 1 0 0 18.9050 0.2951
54 1 0 0 18.5840 0.3002
54 1 0 0 18.6310 0.2994
60 1 0 0 29.0810 0.1881
60 1 0 0 28.0130 0.1952
60 1 0 0 29.1010 0.1879
60 1 0 0 29.4810 0.1855
60 1 0 0 39.5260 0.1384
66 1 0 0 34.7500 0.1536
66 1 0 0 38.5760 0.1384
66 1 0 0 22.6310 0.2358
66 1 0 0 22.9060 0.2330
66 0 0 1 100.0970 0.0000
72 0 0 1 100.0070 0.0000
72 0 0 1 100.0710 0.0000
72 0 0 1 100.0290 0.0000
72 0 0 1 100.0290 0.0000
72 1 0 0 97.3030 0.1250
78 1 0 0 19.6090 0.3326
78 1 0 0 21.6500 0.3012
78 1 0 0 19.3550 0.3370
78 1 0 0 23.0440 0.2830
78 1 0 0 19.9060 0.3276
84 0 0 1 100.0670 0.0000
84 0 0 1 100.0350 0.0000
84 0 0 1 100.0480 0.0000
84 0 0 1 100.0160 0.0000
84 0 0 1 100.0780 0.0000
90 1 0 0 18.8970 0.2941
90 1 0 0 18.8380 0.2950
90 1 0 0 38.9990 0.1425
90 1 0 0 20.3910 0.2726
90 1 0 0 19.8290 0.2803
96 1 0 0 48.5860 0.1250
96 0 0 1 100.0780 0.0000
96 0 0 1 100.0300 0.0000
96 0 0 1 100.0780 0.0000
96 0 0 1 100.0670 0.0000
102 0 0 1 100.0830 0.0000
102 0 1 0 51.8660 0.0000
102 1 0 0 67.0650 0.1250
102 1 0 0 41.1610 0.1291
102 1 0 0 69.2440 0.1250
108 1 0 0 18.4070 0.2896
108 1 0 0 18.2530 0.2921
108 1 0 0 18.3230 0.2910
108 1 0 0 18.2840 0.2916
108 1 0 0 18.2910 0.2915
114 1 0 0 50.3890 0.1250
114 0 1 0 27.5690 0.0000
114 1 0 0 41.6370 0.1497
114 1 0 0 50.5050 0.1250
114 0 1 0 29.8210 0.0000
120 1 0 0 22.0840 0.2592
120 1 0 0 21.2710 0.2691
120 1 0 0 21.7310 0.2634
120 1 0 0 23.2380 0.2463
120 1 0 0 19.7850 0.2893
126 1 0 0 56.4770 0.1250
126 1 0 0 54.3650 0.1250
126 1 0 0 69.2420 0.1250
126 1 0 0 46.2630 0.1250
126 1 0 0 31.2130 0.1768
132 1 0 0 27.5210 0.1974
132 1 0 0 65.8020 0.1250
132 1 0 0 48.9050 0.1250
132 1 0 0 96.8180 0.1250
132 1 0 0 24.6300 0.2205
138 1 0 0 33.6900 0.1982
138 1 0 0 34.5270 0.1934
138 1 0 0 28.4570 0.2347
138 1 0 0 30.0500 0.2222
138 1 0 0 40.3590 0.1655
144 1 0 0 27.3140 0.2012
144 1 0 0 78.7350 0.1250
144 1 0 0 81.1510 0.1250
144 1 0 0 61.7570 0.1250
144 1 0 0 25.4890 0.2156
150 0 0 1 100.0150 0.0000
150 0 1 0 40.4970 0.0000
150 0 0 1 100.0150 0.0000
150 1 0 0 40.4930 0.1346
150 0 1 0 21.4390 0.0000
156 1 0 0 21.3670 0.2447
156 1 0 0 21.1660 0.2470
156 1 0 0 47.3490 0.1250
156 1 0 0 19.7270 0.2650
156 1 0 0 20.7480 0.2520
162 1 0 0 42.8270 0.1265
162 1 0 0 39.4630 0.1373
162 1 0 0 41.3410 0.1311
162 1 0 0 74.4080 0.1250
162 1 0 0 92.5770 0.1250
168 1 0 0 21.4110 0.2731
168 1 0 0 21.0560 0.2777
168 1 0 0 22.4610 0.2604
168 1 0 0 22.8160 0.2563
168 1 0 0 21.3470 0.2739
174 1 0 0 63.6310 0.1250
174 0 0 1 100.0680 0.0000
174 0 0 1 100.0860 0.0000
174 1 0 0 45.9690 0.1250
174 1 0 0 75.6520 0.1250
180 0 0 1 100.0000 0.0000
180 0 0 1 100.1010 0.0000
180 0 0 1 100.0100 0.0000
180 0 1 0 83.0750 0.0000
180 0 0 1 100.0320 0.0000
186 0 0 1 100.0300 0.0000
186 1 0 0 49.5480 0.1250
186 0 0 1 100.0450 0.0000
186 1 0 0 57.7730 0.1250
186 1 0 0 39.6360 0.1497
192 1 0 0 22.8870 0.2428
192 1 0 0 35.6900 0.1557
192 1 0 0 23.4010 0.2374
192 1 0 0 25.1330 0.2211
192 1 0 0 23.0990 0.2405
198 0 0 1 100.0790 0.0000
198 1 0 0 36.7530 0.1538
198 1 0 0 86.4610 0.1250
198 0 0 1 100.0070 0.0000
198 0 0 1 100.0530 0.0000
204 1 0 0 98.7600 0.1250
204 0 0 1 100.0230 0.0000
204 0 0 1 100.0220 0.0000
204 0 0 1 100.0220 0.0000
204 0 0 1 100.0440 0.0000
210 1 0 0 18.4350 0.2861
210 1 0 0 18.4100 0.2865
210 1 0 0 18.8410 0.2799
210 1 0 0 18.4070 0.2865
210 1 0 0 18.5370 0.2845
216 1 0 0 44.9890 0.1250
216 1 0 0 45.4100 0.1250
216 1 0 0 57.4370 0.1250
216 1 0 0 46.1310 0.1250
216 0 0 1 100.0260 0.0000
222 1 0 0 21.8420 0.2533
222 1 0 0 22.4920 0.2460
222 1 0 0 19.8370 0.2789
222 1 0 0 25.5260 0.2167
222 1 0 0 23.3670 0.2368
228 0 1 0 25.7880 0.0000
228 1 0 0 51.2920 0.1250
228 1 0 0 31.3000 0.2006
228 1 0 0 34.7050 0.1809
228 0 1 0 63.7980 0.0000
234 1 0 0 18.6440 0.2883
234 1 0 0 19.7430 0.2722
234 1 0 0 18.7480 0.2867
234 1 0 0 18.6120 0.2888
234 1 0 0 18.8070 0.2858
240 1 0 0 78.2240 0.1250
240 1 0 0 31.5260 0.2028
240 0 0 1 100.0130 0.0000
240 0 0 1 100.0600 0.0000
240 0 0 1 100.0510 0.0000
246 1 0 0 33.2700 0.1641
246 1 0 0 46.4010 0.1250
246 1 0 0 31.8470 0.1715
246 1 0 0 39.7630 0.1373
246 1 0 0 35.5760 0.1535
252 1 0 0 60.7580 0.1250
252 1 0 0 46.0900 0.1250
252 1 0 0 44.0900 0.1250
252 1 0 0 31.9610 0.1609
252 1 0 0 41.0660 0.1252
258 1 0 0 26.2560 0.2581
258 1 0 0 40.9320 0.1656
258 1 0 0 29.3760 0.2307
258 1 0 0 88.7830 0.1250
258 0 1 0 66.4030 0.0000
264 0 1 0 39.3300 0.0000
264 0 0 1 100.0290 0.0000
264 0 0 1 100.0840 0.0000
264 0 0 1 100.0140 0.0000
264 0 0 1 100.0630 0.0000
270 0 0 1 100.0910 0.0000
270 1 0 0 73.0400 0.1250
270 0 0 1 100.0570 0.0000
270 1 0 0 84.2070 0.1250
270 1 0 0 40.5300 0.1445
276 1 0 0 27.0690 0.2327
276 1 0 0 24.0670 0.2618
276 1 0 0 29.4440 0.2140
276 1 0 0 26.1640 0.2408
276 1 0 0 29.3520 0.2146
282 0 0 1 100.0240 0.0000
282 0 1 0 50.9270 0.0000
282 1 0 0 36.8970 0.1655
282 0 0 1 100.0280 0.0000
282 0 0 1 100.0740 0.0000
288 1 0 0 21.2240 0.2942
288 0 1 0 13.6250 0.0000
288 1 0 0 30.9260 0.2019
288 1 0 0 38.2600 0.1632
288 1 0 0 22.0500 0.2831
294 1 0 0 60.1570 0.1250
294 0 1 0 21.5560 0.0000
294 1 0 0 41.8850 0.1400
294 1 0 0 67.3420 0.1250
294 1 0 0 39.9120 0.1470
