0 1 0 0 13.0670 0.5000
0 1 0 0 12.9990 0.5000
0 1 0 0 12.8880 0.5000
0 1 0 0 16.2840 0.4174
0 1 0 0 20.2270 0.3360
6 1 0 0 11.9540 0.5000
6 1 0 0 12.4430 0.5000
6 1 0 0 12.0920 0.5000
6 1 0 0 11.3390 0.5000
6 1 0 0 11.6770 0.5000
12 1 0 0 16.3720 0.3584
12 1 0 0 15.4900 0.3788
12 1 0 0 16.4800 0.3561
12 1 0 0 19.5620 0.3000
12 1 0 0 15.1710 0.3868
18 1 0 0 11.7510 0.4935
18 1 0 0 11.7450 0.4938
18 1 0 0 13.2820 0.4366
18 1 0 0 12.1630 0.4768
18 1 0 0 16.1740 0.3586
24 1 0 0 15.8170 0.3923
24 1 0 0 17.9230 0.3462
24 1 0 0 14.6680 0.4231
24 1 0 0 30.1940 0.2055
24 1 0 0 18.9130 0.3281
30 1 0 0 15.0390 0.3938
30 1 0 0 18.0870 0.3275
30 1 0 0 16.5740 0.3574
30 1 0 0 16.5770 0.3573
30 1 0 0 15.9240 0.3720
36 1 0 0 10.2360 0.5000
36 1 0 0 10.2500 0.5000
36 1 0 0 10.2640 0.5000
36 1 0 0 10.2240 0.5000
36 1 0 0 10.2440 0.5000
42 1 0 0 10.2770 0.5000
42 1 0 0 10.2630 0.5000
42 1 0 0 10.2600 0.5000
42 1 0 0 10.3010 0.5000
42 1 0 0 10.2710 0.5000
48 1 0 0 11.9370 0.4708
48 1 0 0 14.3470 0.3917
48 1 0 0 12.2420 0.4591
48 1 0 0 11.9240 0.4713
48 1 0 0 12.0290 0.4672
54 1 0 0 10.2900 0.5000
54 1 0 0 10.2730 0.5000
54 1 0 0 10.3510 0.5000
54 1 0 0 10.3130 0.5000
54 1 0 0 10.3270 0.5000
60 1 0 0 12.2550 0.4463
60 1 0 0 12.2610 0.4460
60 1 0 0 12.0560 0.4536
60 1 0 0 12.1150 0.4514
60 1 0 0 12.2650 0.4459
66 1 0 0 12.8430 0.4156
66 1 0 0 11.5870 0.4606
66 1 0 0 11.7530 0.4541
66 1 0 0 11.5100 0.4637
66 1 0 0 12.4420 0.4290
72 1 0 0 10.2510 0.5000
72 1 0 0 10.2860 0.5000
72 1 0 0 10.2560 0.5000
72 1 0 0 10.2180 0.5000
72 1 0 0 10.2950 0.5000
78 1 0 0 16.1750 0.4032
78 1 0 0 12.5720 0.5000
78 1 0 0 14.3450 0.4546
78 1 0 0 11.9630 0.5000
78 1 0 0 16.5900 0.3931
84 1 0 0 10.2240 0.5000
84 1 0 0 10.3240 0.5000
84 1 0 0 10.3380 0.5000
84 1 0 0 10.3510 0.5000
84 1 0 0 10.3340 0.5000
90 1 0 0 14.1330 0.3933
90 1 0 0 11.3920 0.4879
90 1 0 0 11.2670 0.4933
90 1 0 0 11.3120 0.4913
90 1 0 0 11.7970 0.4711
96 1 0 0 17.6400 0.3131
96 1 0 0 10.6100 0.5000
96 1 0 0 10.4740 0.5000
96 1 0 0 15.3180 0.3605
96 1 0 0 14.2820 0.3867
102 1 0 0 13.8610 0.3833
102 1 0 0 13.7540 0.3863
102 1 0 0 14.3400 0.3705
102 1 0 0 14.3080 0.3714
102 0 1 0 23.9000 0.0000
108 1 0 0 13.6070 0.3918
108 1 0 0 12.0430 0.4427
108 1 0 0 12.9380 0.4121
108 1 0 0 12.5670 0.4242
108 1 0 0 10.3460 0.5000
114 0 1 0 38.3140 0.0000
114 1 0 0 25.4160 0.2452
114 0 1 0 16.7720 0.0000
114 0 1 0 71.7660 0.0000
114 1 0 0 35.6400 0.1749
120 1 0 0 19.3410 0.2960
120 1 0 0 21.3810 0.2677
120 1 0 0 28.3710 0.2018
120 1 0 0 21.7660 0.2630
120 1 0 0 20.3710 0.2810
126 1 0 0 25.4290 0.2170
126 1 0 0 15.6170 0.3533
126 0 1 0 10.1580 0.0000
126 1 0 0 15.4930 0.3561
126 0 1 0 12.6420 0.0000
132 1 0 0 21.4140 0.2537
132 1 0 0 25.6740 0.2116
132 0 1 0 19.7040 0.0000
132 1 0 0 22.8650 0.2376
132 1 0 0 22.8060 0.2382
138 1 0 0 28.4190 0.2350
138 0 1 0 10.7950 0.0000
138 1 0 0 22.4270 0.2978
138 1 0 0 43.0140 0.1553
138 0 1 0 34.8330 0.0000
144 1 0 0 11.5400 0.4762
144 1 0 0 11.9660 0.4593
144 1 0 0 11.8660 0.4631
144 1 0 0 11.9650 0.4593
144 1 0 0 12.1680 0.4516
150 1 0 0 12.9900 0.4195
150 1 0 0 12.3320 0.4419
150 1 0 0 12.6390 0.4312
150 1 0 0 12.6270 0.4316
150 1 0 0 12.3430 0.4415
156 1 0 0 12.1730 0.4294
156 1 0 0 10.5670 0.4947
156 1 0 0 15.9250 0.3283
156 1 0 0 13.9930 0.3736
156 1 0 0 13.8090 0.3786
162 1 0 0 12.7530 0.4250
162 0 1 0 18.5890 0.0000
162 1 0 0 13.4590 0.4027
162 1 0 0 15.3740 0.3525
162 1 0 0 19.3700 0.2798
168 1 0 0 15.4030 0.3797
168 1 0 0 14.1650 0.4128
168 1 0 0 16.4660 0.3551
168 1 0 0 18.4090 0.3177
168 1 0 0 17.2080 0.3398
174 1 0 0 28.8820 0.1852
174 1 0 0 14.8760 0.3595
174 1 0 0 12.1170 0.4414
174 1 0 0 10.9840 0.4869
174 1 0 0 11.3530 0.4711
180 1 0 0 22.4980 0.2524
180 1 0 0 20.1270 0.2822
180 1 0 0 18.9770 0.2993
180 1 0 0 22.9400 0.2476
180 1 0 0 20.0000 0.2840
186 1 0 0 30.4420 0.1950
186 1 0 0 40.0880 0.1481
186 0 0 1 100.1040 0.0000
186 1 0 0 20.9160 0.2838
186 0 1 0 9.4180 0.0000
192 1 0 0 17.5800 0.3160
192 1 0 0 18.9550 0.2931
192 0 1 0 25.4520 0.0000
192 1 0 0 19.5020 0.2849
192 1 0 0 18.0860 0.3072
198 1 0 0 11.3820 0.4966
198 1 0 0 12.7080 0.4447
198 1 0 0 11.3410 0.4984
198 1 0 0 11.3880 0.4963
198 1 0 0 11.2380 0.5000
204 1 0 0 12.5360 0.5000
204 0 1 0 10.6320 0.0000
204 1 0 0 11.9720 0.5000
204 1 0 0 12.8010 0.5000
204 1 0 0 12.1250 0.5000
210 1 0 0 22.7860 0.2315
210 1 0 0 30.5250 0.1728
210 1 0 0 18.7760 0.2809
210 1 0 0 17.3650 0.3037
210 1 0 0 20.9790 0.2514
216 0 1 0 16.1240 0.0000
216 1 0 0 66.2650 0.1250
216 1 0 0 28.6510 0.1952
216 1 0 0 23.1450 0.2416
216 1 0 0 20.7030 0.2701
222 1 0 0 20.1120 0.2751
222 1 0 0 25.5700 0.2164
222 1 0 0 21.6180 0.2559
222 0 1 0 11.4430 0.0000
222 1 0 0 15.2980 0.3617
228 1 0 0 44.1220 0.1423
228 1 0 0 16.0950 0.3900
228 1 0 0 16.1530 0.3886
228 1 0 0 18.7640 0.3345
228 1 0 0 16.1210 0.3894
234 1 0 0 30.9750 0.1735
234 1 0 0 18.6260 0.2886
234 1 0 0 31.4920 0.1707
234 1 0 0 25.9950 0.2068
234 1 0 0 29.1630 0.1843
240 1 0 0 23.9810 0.2666
240 1 0 0 19.4920 0.3279
240 0 1 0 8.2320 0.0000
240 1 0 0 36.9870 0.1728
240 0 1 0 11.9160 0.0000
246 1 0 0 12.2610 0.4454
246 1 0 0 12.1630 0.4489
246 1 0 0 15.0010 0.3640
246 1 0 0 13.6340 0.4005
246 1 0 0 13.8680 0.3938
252 1 0 0 10.2490 0.5000
252 1 0 0 10.2880 0.4998
252 1 0 0 10.2790 0.5000
252 1 0 0 10.2860 0.4999
252 1 0 0 10.2050 0.5000
258 1 0 0 13.4100 0.5000
258 1 0 0 54.6070 0.1250
258 0 1 0 10.8430 0.0000
258 1 0 0 15.0960 0.4489
258 1 0 0 45.8440 0.1478
264 1 0 0 22.2200 0.2688
264 1 0 0 19.6290 0.3043
264 0 1 0 25.4260 0.0000
264 0 1 0 23.1560 0.0000
264 1 0 0 21.3800 0.2793
270 1 0 0 14.7350 0.3973
270 1 0 0 11.6610 0.5000
270 1 0 0 11.7840 0.4968
270 1 0 0 14.9890 0.3906
270 1 0 0 12.9630 0.4517
276 0 1 0 40.7750 0.0000
276 1 0 0 30.2860 0.2080
276 0 1 0 68.4730 0.0000
276 1 0 0 38.4320 0.1639
276 1 0 0 41.6660 0.1512
282 1 0 0 37.3470 0.1635
282 0 1 0 22.2030 0.0000
282 0 1 0 35.0880 0.0000
282 1 0 0 51.6860 0.1250
282 0 1 0 21.3350 0.0000
288 1 0 0 41.2930 0.1512
288 1 0 0 19.9440 0.3130
288 0 1 0 8.6490 0.0000
288 1 0 0 15.3150 0.4076
288 1 0 0 21.1020 0.2959
294 1 0 0 25.5070 0.2300
294 0 1 0 9.5580 0.0000
294 1 0 0 18.3920 0.3189
294 1 0 0 18.8290 0.3115
294 0 0 1 100.0870 0.0000
