0 1 0 0 25.6760 0.2647
0 1 0 0 25.1100 0.2707
0 1 0 0 24.3750 0.2788
0 1 0 0 38.7850 0.1752
0 1 0 0 24.0200 0.2829
0 1 0 0 22.6600 0.2999
0 1 0 0 23.7280 0.2864
0 1 0 0 24.0460 0.2826
0 1 0 0 23.0970 0.2942
0 1 0 0 22.6150 0.3005
6 1 0 0 21.4500 0.2914
6 1 0 0 27.1290 0.2304
6 1 0 0 27.8870 0.2241
6 1 0 0 23.7510 0.2632
6 1 0 0 24.6790 0.2533
6 1 0 0 30.8320 0.2027
6 1 0 0 21.3980 0.2921
6 1 0 0 26.2870 0.2378
6 1 0 0 24.2200 0.2581
6 1 0 0 28.8030 0.2170
12 1 0 0 33.0870 0.1774
12 1 0 0 35.2370 0.1665
12 1 0 0 26.3720 0.2225
12 1 0 0 28.8460 0.2034
12 1 0 0 22.4010 0.2620
12 1 0 0 26.7820 0.2191
12 1 0 0 32.1570 0.1825
12 1 0 0 25.2120 0.2327
12 1 0 0 24.5950 0.2386
12 1 0 0 23.4460 0.2503
18 1 0 0 19.9380 0.2909
18 1 0 0 19.7350 0.2939
18 1 0 0 20.1100 0.2884
18 1 0 0 19.1780 0.3024
18 1 0 0 18.9590 0.3059
18 1 0 0 19.3750 0.2993
18 1 0 0 19.6490 0.2951
18 1 0 0 19.9370 0.2909
18 1 0 0 19.1500 0.3028
18 1 0 0 22.0170 0.2634
24 1 0 0 30.2340 0.2052
24 1 0 0 30.5290 0.2033
24 1 0 0 25.2700 0.2456
24 1 0 0 22.0150 0.2819
24 1 0 0 43.3850 0.1430
24 1 0 0 22.7000 0.2734
24 1 0 0 34.4180 0.1803
24 1 0 0 29.1040 0.2132
24 1 0 0 25.8100 0.2404
24 1 0 0 46.2470 0.1342
30 1 0 0 22.2980 0.2656
30 1 0 0 27.5850 0.2147
30 1 0 0 21.4540 0.2761
30 1 0 0 22.4410 0.2639
30 1 0 0 21.6160 0.2740
30 1 0 0 21.1200 0.2804
30 1 0 0 21.9710 0.2696
30 1 0 0 21.0090 0.2819
30 1 0 0 34.9200 0.1696
30 1 0 0 22.6020 0.2621
36 1 0 0 18.5500 0.2839
36 1 0 0 18.6130 0.2829
36 1 0 0 18.8540 0.2793
36 1 0 0 18.6870 0.2818
36 1 0 0 18.7300 0.2811
36 1 0 0 19.6030 0.2686
36 1 0 0 19.2700 0.2733
36 1 0 0 19.3980 0.2715
36 1 0 0 19.3450 0.2722
36 1 0 0 19.1370 0.2752
42 1 0 0 17.8360 0.3180
42 1 0 0 17.8550 0.3177
42 1 0 0 17.8910 0.3170
42 1 0 0 17.8120 0.3184
42 1 0 0 17.8500 0.3178
42 1 0 0 17.8110 0.3185
42 1 0 0 17.7940 0.3188
42 1 0 0 17.8740 0.3173
42 1 0 0 17.8220 0.3183
42 1 0 0 17.8640 0.3175
48 1 0 0 27.4190 0.2050
48 1 0 0 29.4430 0.1909
48 1 0 0 21.9250 0.2563
48 1 0 0 23.4080 0.2401
48 1 0 0 35.8730 0.1567
48 1 0 0 27.9440 0.2011
48 1 0 0 28.2480 0.1990
48 1 0 0 24.8350 0.2263
48 1 0 0 30.8900 0.1819
48 1 0 0 29.4980 0.1905
54 1 0 0 18.9720 0.2941
54 1 0 0 20.0810 0.2778
54 1 0 0 18.7010 0.2983
54 1 0 0 20.1710 0.2766
54 1 0 0 19.0580 0.2927
54 1 0 0 19.6250 0.2843
54 1 0 0 19.9860 0.2791
54 1 0 0 20.2730 0.2752
54 1 0 0 20.4390 0.2729
54 1 0 0 20.2560 0.2754
60 1 0 0 24.1950 0.2260
60 1 0 0 25.0810 0.2180
60 1 0 0 25.6110 0.2135
60 1 0 0 24.2310 0.2257
60 1 0 0 22.9890 0.2379
60 1 0 0 23.9120 0.2287
60 1 0 0 23.3670 0.2340
60 1 0 0 26.1110 0.2094
60 1 0 0 24.8370 0.2202
60 1 0 0 24.4600 0.2236
66 1 0 0 27.7410 0.1924
66 1 0 0 26.9560 0.1980
66 1 0 0 22.2390 0.2400
66 1 0 0 25.2680 0.2112
66 1 0 0 24.8560 0.2147
66 1 0 0 23.2090 0.2300
66 1 0 0 25.7820 0.2070
66 1 0 0 53.6910 0.1250
66 1 0 0 22.0510 0.2420
66 1 0 0 26.5200 0.2013
72 1 0 0 21.5830 0.2437
72 1 0 0 22.2340 0.2366
72 1 0 0 24.7030 0.2129
72 1 0 0 31.3110 0.1680
72 1 0 0 21.7900 0.2414
72 1 0 0 25.6820 0.2048
72 1 0 0 22.3860 0.2350
72 1 0 0 24.4800 0.2149
72 1 0 0 22.8450 0.2302
72 1 0 0 23.0160 0.2285
78 1 0 0 28.8510 0.2261
78 1 0 0 31.4190 0.2076
78 1 0 0 28.7660 0.2267
78 1 0 0 30.4090 0.2145
78 1 0 0 31.7580 0.2054
78 1 0 0 29.5010 0.2211
78 1 0 0 22.6440 0.2880
78 1 0 0 21.9800 0.2967
78 1 0 0 32.0370 0.2036
78 1 0 0 20.3800 0.3200
84 1 0 0 22.0340 0.2451
84 1 0 0 25.0880 0.2153
84 1 0 0 21.7350 0.2485
84 1 0 0 21.0000 0.2572
84 1 0 0 24.4770 0.2207
84 1 0 0 21.4080 0.2523
84 1 0 0 21.0510 0.2566
84 1 0 0 21.6910 0.2490
84 1 0 0 23.2260 0.2326
84 1 0 0 23.7330 0.2276
90 1 0 0 22.3310 0.2489
90 1 0 0 19.4970 0.2851
90 1 0 0 21.5320 0.2581
90 1 0 0 22.5420 0.2466
90 1 0 0 20.0790 0.2768
90 1 0 0 20.0460 0.2773
90 1 0 0 20.1360 0.2760
90 1 0 0 20.7870 0.2674
90 1 0 0 20.4830 0.2713
90 1 0 0 20.1100 0.2764
96 1 0 0 23.9250 0.2308
96 1 0 0 24.9360 0.2215
96 1 0 0 26.3110 0.2099
96 1 0 0 24.5820 0.2247
